1111111111111111111111
1111111111111111111111
1100000000000000000011
1100000000000000000011
110000000000L000000011
1100000000000000000011
1100000000C00000000011
1100000000000000000011
1100000000000000000011
1100000000000000000011
110000000000L000000011
1100000000000000000011
1100000000000000000011
110000000000L000000011
1100000000000000000011
1100000000000000000011
1100000000000000000011
1100000000000000000011
1100000000000000000011
1100000000000000000011
1111111111111111111111
1111111111111111111111